Year,Population,Male,Female
2011,169892,83594,86298
2021,220000,108500,111500
2022,226000,111300,114700
2023,232000,114200,117800
2024,238000,117100,120900
2025,245000,120600,124400
2026,252000,124000,128000
2027,259000,127500,131500
2028,266000,131000,135000
2029,273000,134400,138600
2030,281000,138300,142700
2031,289000,142300,146700
